2.964818000793457	3.032071828842163	0
3.1484107971191406	3.231205940246582	0
3.299217939376831	3.365447998046875	2
6.153459787368774	6.253023862838745	0
6.337800979614258	6.437467813491821	0
6.554004907608032	6.638048887252808	2
7.024251937866211	7.141588926315308	0
7.425187826156616	7.509057998657227	2
7.848663806915283	7.947317838668823	0
8.211660861968994	8.30835485458374	3
8.675038814544678	8.791121006011963	0
9.059465885162354	9.141571998596191	3
10.294546842575073	10.428160905838013	0
10.701003789901733	10.82408595085144	2
11.124276876449585	11.240890979766846	0
11.542600870132446	11.657912015914917	3
11.955323934555054	12.054471969604492	0
12.322012901306152	12.43916392326355	2
12.990773916244507	13.090620994567871	1
13.190234899520874	13.290599822998047	0
13.658193826675415	13.779575824737549	0
14.013278007507324	14.112553834915161	2
14.414268016815186	14.51469087600708	0
14.814728021621704	14.947687864303589	3
15.247864961624146	15.34912896156311	0
15.637110948562622	15.745446920394897	1
16.263295888900757	16.345784902572632	0
16.44633984565735	16.578737020492554	2
16.86354088783264	16.994187831878662	0
17.2763409614563	17.393452882766724	3
17.710983991622925	17.827847003936768	0
18.09476590156555	18.178050994873047	3
18.495337963104248	18.616602897644043	0
18.512791872024536	18.561677932739258	3
18.579372882843018	18.651094913482666	3
18.900128841400146	19.016443014144897	3
18.91753888130188	19.03400683403015	0
19.217909812927246	19.31702184677124	0
19.60203981399536	19.701647996902466	0
20.103482007980347	20.236864805221558	0
20.53748083114624	20.64100480079651	2
20.949988842010498	21.0501389503479	1
21.35059690475464	21.45009994506836	0
21.750931978225708	21.869932889938354	2
22.158331871032715	22.258752822875977	3
22.593905925750732	22.69436287879944	0
22.99131989479065	23.07311201095581	3
23.425553798675537	23.557102918624878	3
23.441426992416382	23.557127952575684	0
23.855986833572388	24.005225896835327	0
24.27315592765808	24.388842821121216	2
24.65642499923706	24.773515939712524	0
25.057536840438843	25.174487829208374	2
25.4576518535614	25.578562021255493	0
25.887516975402832	25.986470937728882	1
26.271248817443848	26.38766884803772	0
26.738765001296997	26.837065935134888	2
27.168341875076294	27.28452181816101	0
27.57059597969055	27.65210485458374	3
27.936766862869263	28.0522677898407	0
28.353899002075195	28.45344591140747	3
28.775821924209595	28.87548589706421	0
29.211150884628296	29.32616901397705	2
29.611044883728027	29.728024005889893	0
30.02819585800171	30.11150097846985	2
30.41188097000122	30.51651883125305	0
30.858896017074585	30.956901788711548	2
31.024881839752197	31.108482837677002	0
31.226001977920532	31.30802583694458	2
31.42579984664917	31.542764902114868	0
32.055097818374634	32.1553750038147	0
32.355955839157104	32.43966484069824	3
32.74044680595398	32.80614900588989	0
32.957918882369995	33.040167808532715	3
33.32471299171448	33.40712380409241	0
33.741962909698486	33.813902854919434	2
34.12992286682129	34.24830198287964	0
34.53104591369629	34.63106083869934	2
34.73193693161011	34.831259965896606	0
34.94876289367676	35.03110194206238	2
35.34944200515747	35.450567960739136	0
35.55394101142883	35.6530499458313	2
35.75521183013916	35.8617148399353	0
36.16275691986084	36.26214289665222	3
36.547080993652344	36.67952489852905	3
36.563835859298706	36.69659399986267	0
36.99296188354492	37.109845876693726	0
37.211166858673096	37.29270887374878	2
37.394152879714966	37.49387884140015	0
37.79417181015015	37.89465880393982	1
37.96103882789612	38.07758593559265	0
38.228057861328125	38.328675985336304	1
38.445244789123535	38.52853083610535	0
38.68374800682068	38.78322982788086	1
38.868155002593994	38.95122694969177	0
39.08450198173523	39.1523699760437	1
39.26838779449463	39.350921869277954	0
39.4852499961853	39.55201292037964	1
39.6198148727417	39.70234298706055	0
39.869308948516846	39.95355796813965	3
40.28689789772034	40.38911294937134	0
40.675583839416504	40.75825881958008	3
40.909355878829956	40.99125790596008	0
41.09991192817688	41.16646599769592	3
41.31689190864563	41.38484787940979	0
42.33114194869995	42.414474964141846	2
42.51573300361633	42.63174080848694	0
42.76533794403076	42.84880995750427	2
42.94922995567322	43.03139901161194	0
43.199057817459106	43.26597785949707	1
44.00618100166321	44.1060528755188	0
44.205933809280396	44.27293801307678	2
44.40624690055847	44.490224838256836	1
44.57361578941345	44.672860860824585	0
44.80712699890137	44.89028596878052	3
45.6962308883667	45.81441402435303	0
45.91431379318237	46.00308299064636	2
46.10450482368469	46.20424199104309	0
46.288336992263794	46.37179398536682	1
46.488215923309326	46.57126784324646	3
46.890596866607666	46.99120879173279	0
47.28699278831482	47.36772584915161	3
47.48534083366394	47.58517789840698	0
47.686007022857666	47.768876791000366	3
47.90375781059265	47.970155000686646	0
48.120579957962036	48.204901933670044	2
48.50413680076599	48.604458808898926	1
48.72604179382324	48.81117081642151	0
49.09390592575073	49.19247889518738	3
49.326377868652344	49.42698788642883	0
49.743528842926025	49.827324867248535	0
50.1618378162384	50.228503942489624	3
50.540724992752075	50.64090394973755	0
50.75833487510681	50.842551946640015	3
50.9575309753418	51.04125094413757	0
51.17572498321533	51.2584068775177	1
51.392117977142334	51.50840187072754	0
51.77761483192444	51.87549901008606	1
52.02166795730591	52.10616493225098	0
52.406691789627075	52.4725558757782	1
52.62320590019226	52.70696496963501	0
53.02431893348694	53.12365698814392	2
53.44158697128296	53.55841898918152	0
53.86397695541382	53.96331000328064	3
54.06387901306152	54.163609981536865	0
54.231637954711914	54.347986936569214	3
54.46460294723511	54.5319139957428	0
54.681694984436035	54.79973793029785	1
55.06569981575012	55.182323932647705	0
55.31549096107483	55.38646101951599	2
55.63712692260742	55.73863196372986	0
55.895991802215576	55.97847580909729	3
56.29677200317383	56.39633393287659	0
56.497761964797974	56.580047845840454	1
56.71368479728699	56.79637885093689	0
56.92890286445618	57.00939989089966	1
57.12827396392822	57.227635860443115	0
57.327510833740234	57.4105749130249	1
57.527469873428345	57.61074900627136	0
57.92851400375366	58.02758002281189	0
58.11112189292908	58.21244692802429	3
58.3460898399353	58.462234020233154	0
58.545952796936035	58.64635491371155	3
58.78188395500183	58.83349084854126	0
59.16872596740723	59.25065994262695	0
59.58712100982666	59.71888089179993	0
60.003275871276855	60.08561682701111	2
60.404653787612915	60.522789001464844	0
60.625	60.69205689430237	2
60.84335684776306	60.94251894950867	0
61.23401880264282	61.35021996498108	1
61.652392864227295	61.75110483169556	0
61.88540601730347	61.987224817276	2
62.26445293426514	62.364123821258545	0
62.46622681617737	62.5492959022522	3
62.88228797912598	63.01563787460327	0
63.28328084945679	63.39953589439392	2
63.667635917663574	63.800410985946655	0
63.91842198371887	64.01722002029419	1
64.1344997882843	64.23535394668579	0
64.53471899032593	64.63501000404358	1
64.93568897247314	65.03589487075806	0
65.15330600738525	65.25297284126282	1
65.53688287734985	65.63732290267944	0
65.75423288345337	65.85433793067932	2
66.1716239452362	66.30452680587769	0
66.57267498970032	66.68860483169556	3
66.9884238243103	67.10169100761414	0
67.2020947933197	67.30190992355347	3
67.41940093040466	67.51869297027588	0
67.82030391693115	67.9197428226471	2
68.22059082984924	68.3370349407196	0
68.42149090766907	68.5208888053894	2
68.84324789047241	68.9595718383789	0
69.49469494819641	69.5941379070282	1
69.67794394493103	69.76085782051086	0
69.8950629234314	69.96121287345886	1
70.07969188690186	70.16206693649292	0
70.295982837677	70.3823709487915	2
70.46700286865234	70.5997269153595	0
70.68320798873901	70.7632520198822	3
71.10902690887451	71.20816898345947	0
71.30999779701233	71.40878582000732	2
71.49314880371094	71.60951685905457	0
71.70986485481262	71.79286599159241	1
71.92552495002747	72.02178382873535	0
72.32305002212524	72.42251491546631	3
72.7571280002594	72.85784602165222	0
73.17408394813538	73.27377581596375	2
73.57597088813782	73.69561195373535	0
73.96415996551514	74.06429696083069	3
74.39810585975647	74.5142068862915	0
74.800372838974	74.88080286979675	2
74.9992778301239	75.09883093833923	0
75.23306083679199	75.32060289382935	1
75.62128281593323	75.72100687026978	0
76.04627799987793	76.16350793838501	2
76.43012881278992	76.51362180709839	0
76.84822583198547	76.94718098640442	3
77.0463478565216	77.14415502548218	0
77.26019597053528	77.36035680770874	2
77.46107888221741	77.56114387512207	0
77.69461679458618	77.79373693466187	1
77.89510583877563	77.9779589176178	3
78.11227989196777	78.19558787345886	0
78.3124258518219	78.4134829044342	2
78.69685792922974	78.78425478935242	0
78.91778683662415	78.98525881767273	1
79.32023000717163	79.43578696250916	0
79.71952795982361	79.82022881507874	2
80.12067484855652	80.2359209060669	0
80.31994891166687	80.4203028678894	3
80.54163479804993	80.65906286239624	0
80.74254584312439	80.83248901367188	3
80.98396301269531	81.06661701202393	0
81.23415279388428	81.28493881225586	2
81.41724395751953	81.51824498176575	0
81.6191759109497	81.70078992843628	2
82.01467895507812	82.11456084251404	0
82.2322108745575	82.31602191925049	2
82.59859299659729	82.71558690071106	0
83.01615285873413	83.13370990753174	3
83.40105986595154	83.5166528224945	0
83.60048484802246	83.72085785865784	3
83.85578489303589	83.9558458328247	0
84.03979682922363	84.14001083374023	3
84.29056000709534	84.39018487930298	0
84.47380685806274	84.59069085121155	3
84.6911358833313	84.80747699737549	0
84.90831780433655	85.02296590805054	3
85.2739429473877	85.3582808971405	0
85.92165994644165	86.02099180221558	2
86.28901696205139	86.40533089637756	0
86.5220639705658	86.60515284538269	3
86.72198390960693	86.83923387527466	0
86.93972301483154	87.01876592636108	2
87.15182781219482	87.28527879714966	0
87.58737993240356	87.70313096046448	3
87.77137398719788	87.88701701164246	0
88.00370287895203	88.08704900741577	1
88.20420980453491	88.2875587940216	0
88.4213478565216	88.50416088104248	1
88.6051778793335	88.69235587120056	0
88.8094220161438	88.89323782920837	2
89.21030402183533	89.32703995704651	0
89.41085982322693	89.51074290275574	3
89.61142301559448	89.71133184432983	0
89.81205797195435	89.91190791130066	3
90.02866888046265	90.14573383331299	0
90.21395587921143	90.31260585784912	2
90.39662599563599	90.52957892417908	0
90.80111980438232	90.9000928401947	1
91.22608280181885	91.34230780601501	0
91.66070485115051	91.72606086730957	2
91.95728898048401	92.02314400672913	3
92.1239697933197	92.25673389434814	0
92.50694394111633	92.60747790336609	2
92.89182686805725	93.0079619884491	0
93.63826084136963	93.70898485183716	1
94.34344792366028	94.42731285095215	0
94.96854400634766	95.05072689056396	2
95.15066599845886	95.2652108669281	0
95.36445879936218	95.46198391914368	3
95.57943892478943	95.6629228591919	0
95.79622793197632	95.8791868686676	2
96.18118596076965	96.26394391059875	1
96.60460686683655	96.70609998703003	0
96.82151889801025	96.90431499481201	2
96.98617887496948	97.06886887550354	0
97.20275282859802	97.26788282394409	3
97.82891893386841	97.94470000267029	0
98.04630994796753	98.14654183387756	2
98.4135468006134	98.4958348274231	1
98.64728999137878	98.71274185180664	0
99.05295300483704	99.15274000167847	3
99.45337200164795	99.57018995285034	0
99.88766288757324	100.0031189918518	2
100.27129793167114	100.3713788986206	0
100.4744029045105	100.57479596138	3
100.70921993255615	100.82653284072876	0
101.10237789154053	101.18380689620972	3
101.31837391853333	101.41812896728516	0
101.53522801399231	101.63627791404724	3
101.75211191177368	101.83449292182922	0
101.94944095611572	102.04773592948914	3
102.33323383331299	102.46529793739319	1
102.75046682357788	102.86758589744568	0
102.96607899665833	103.04926586151123	2
103.18453598022461	103.28337597846985	0
103.58467984199524	103.6835949420929	1
103.78882098197937	103.87201189994812	0
103.99041986465454	104.10658597946167	2
104.37341284751892	104.50699496269226	0
104.60732793807983	104.6902379989624	2
104.7923629283905	104.89040780067444	0
105.02518582344055	105.07562184333801	2
105.20919489860535	105.32515788078308	0
105.64348483085632	105.70984601974487	1
106.03856801986694	106.13823294639587	3
106.25584101676941	106.35578393936157	0
106.47265100479126	106.55601596832275	3
106.6725389957428	106.75581097602844	0
106.8576648235321	106.93695783615112	3
107.06940698623657	107.16921782493591	0
107.72072291374207	107.81953883171082	2
107.93674492835999	108.03649091720581	0
108.15493583679199	108.2206859588623	1
108.33909392356873	108.40509796142578	0
108.53806591033936	108.62188196182251	1
108.73902893066406	108.82618284225464	0
108.9443929195404	109.0434398651123	2
109.74436283111572	109.84621000289917	3
109.94605088233948	110.04508996009827	0
110.14694499969482	110.2452118396759	3
110.37978291511536	110.4793210029602	0
110.58449101448059	110.66702389717102	1
110.97637295722961	111.07544898986816	0
111.19313788414001	111.27611184120178	2
111.57733082771301	111.6598048210144	0
111.81197094917297	111.89429593086243	2
112.19092679023743	112.30717587471008	0
112.60800290107727	112.7236819267273	0
113.02508497238159	113.10835099220276	0
113.2420380115509	113.32565689086914	2
113.4427490234375	113.54245901107788	0
113.6929759979248	113.77676701545715	2
113.88035798072815	113.99691796302795	0
114.09801888465881	114.18075489997864	3
114.30056190490723	114.41614389419556	0
114.49966502189636	114.61552596092224	3
114.7338559627533	114.83253884315491	0
114.93370795249939	115.03268694877625	2
115.13482880592346	115.23391485214233	0
115.55160284042358	115.62200498580933	0
115.93055391311646	116.03056192398071	0
116.29742789268494	116.39808487892151	0
116.51496696472168	116.61469888687134	2
116.71467900276184	116.81561279296875	0
116.89795184135437	116.99555397033691	1
117.16134595870972	117.2787549495697	0
117.37867593765259	117.47151589393616	2
117.5777199268341	117.67767882347107	0
117.79613184928894	117.89601588249207	2
117.99679183959961	118.07858490943909	0
118.21286487579346	118.29637885093689	2
118.430979013443	118.52995896339417	0
118.78067278862	118.89721989631653	3
119.18108987808228	119.31388187408447	0
119.56479382514954	119.69890284538269	2
119.76526093482971	119.89810585975647	0
119.94904494285583	120.06593298912048	1
120.20038485527039	120.28288984298706	0
120.43323183059692	120.51659393310547	1
120.65014982223511	120.73372983932495	0
120.85159587860107	120.95078587532043	3
121.06788682937622	121.1676869392395	0
121.2850968837738	121.38582992553711	3
121.50180196762085	121.60203695297241	0
121.71936297416687	121.80241680145264	2
122.09925484657288	122.1992998123169	0
122.26596879959106	122.35694193840027	3
122.47637796401978	122.57629084587097	0
122.67766690254211	122.77527689933777	3
122.90741896629333	123.00765299797058	0
123.09377479553223	123.17596888542175	3
123.27777791023254	123.3606379032135	2
123.70927286148071	123.8273618221283	0
123.89523601531982	123.99160480499268	3
124.10746598243713	124.24061679840088	0
124.29141497612	124.37390089035034	3
124.5235857963562	124.60698390007019	1
124.90882301330566	124.9918098449707	2
125.36156702041626	125.47670292854309	0
125.72750186920166	125.85410499572754	2
126.15603280067444	126.27229881286621	0
126.35608291625977	126.45621299743652	1
126.55719900131226	126.68905591964722	0
126.79028987884521	126.87306690216064	2
126.98926782608032	127.10297989845276	0
127.37069201469421	127.47001481056213	3
127.58664083480835	127.70321488380432	0
127.97085785865784	128.07090401649475	3
128.22133994102478	128.32147693634033	0
128.60656094551086	128.70958590507507	1
129.01174187660217	129.12833881378174	0
129.46162390708923	129.5619399547577	2
129.66257095336914	129.7780158519745	0
129.87978792190552	129.9784848690033	2
130.079687833786	130.16243600845337	0
130.2963387966156	130.39713501930237	3
130.70106983184814	130.76721501350403	1
130.91077589988708	131.00911688804626	2
131.29358983039856	131.39318895339966	3
131.54430198669434	131.626384973526	0
131.94461297988892	132.0242338180542	2
132.32447695732117	132.4405288696289	0
132.725821018219	132.82516288757324	2
132.92585587501526	133.0244779586792	0
133.1431519985199	133.22538089752197	2
133.5427508354187	133.64279794692993	3
133.95054388046265	134.06445002555847	0
134.182785987854	134.2665078639984	3
134.5503249168396	134.63339281082153	0
134.7841019630432	134.84983587265015	2
135.2173888683319	135.29988288879395	0
135.43531680107117	135.50096583366394	1
135.60567498207092	135.7052619457245	0
135.8392210006714	135.9211709499359	1
136.01429200172424	136.1129949092865	0
136.21446895599365	136.2972388267517	3
136.4308729171753	136.53093600273132	0
136.86472988128662	136.9637908935547	0
137.06165194511414	137.16127800941467	2
137.24543595314026	137.3778269290924	0
137.47863578796387	137.5623288154602	2
138.06402683258057	138.18026185035706	0
138.5308837890625	138.63038802146912	0
138.9365038871765	139.0355019569397	0
139.3361039161682	139.43763780593872	2
139.73748683929443	139.83660984039307	0
140.15387296676636	140.2556037902832	3
140.5573329925537	140.68941402435303	0
140.95112085342407	141.0679099559784	3
141.1853358745575	141.28467082977295	0
141.387286901474	141.48559594154358	3
141.5860629081726	141.66815900802612	0
141.83720993995667	141.93540287017822	1
142.19930982589722	142.31643986701965	0
142.43321585655212	142.51713299751282	3
142.65027284622192	142.74929881095886	0
142.98512601852417	143.08377480506897	3
143.23471093177795	143.31761193275452	0
143.45131182670593	143.51748180389404	2
143.7517488002777	143.87401390075684	0
144.02296686172485	144.10672879219055	3
144.2412028312683	144.3576328754425	0
144.49148893356323	144.57458782196045	3
144.70725297927856	144.7905728816986	0
144.9101219177246	145.0080349445343	3
145.12597179412842	145.25868201255798	0
145.4930260181427	145.59664583206177	0
145.91462302207947	145.99711084365845	0
146.30670881271362	146.38928389549255	0
146.69022679328918	146.77366590499878	0
146.87388801574707	146.97291684150696	3
147.1048619747162	147.21916890144348	0
147.28742098808289	147.3863718509674	3
147.52071595191956	147.62071800231934	1
147.72174382209778	147.82197380065918	0
147.92117595672607	148.00458598136902	2
148.13879084587097	148.22128701210022	1
148.33857202529907	148.43901801109314	0
148.7418508529663	148.82894682884216	3
148.9432029724121	149.04457187652588	0
149.1792140007019	149.26178002357483	3
149.5787878036499	149.67863082885742	0
149.99608302116394	150.09584093093872	2
150.19708800315857	150.31383800506592	0
150.41365480422974	150.51339983940125	3
150.61868596076965	150.700749874115	0
150.83638381958008	150.93564081192017	3
151.2107548713684	151.30990195274353	0
151.64450788497925	151.74383091926575	2
152.02712202072144	152.12638998031616	0
152.425940990448	152.52492785453796	1
152.85833191871643	152.97503089904785	0
153.27600979804993	153.3592038154602	1
153.47614884376526	153.55918884277344	0
153.67685985565186	153.76339983940125	1
153.88217186927795	153.96458292007446	0
154.09827399253845	154.18207788467407	1
154.31616592407227	154.39897179603577	0
154.53335285186768	154.63290691375732	1
154.73297595977783	154.83400583267212	0
154.9503879547119	155.06766986846924	2
155.3192698955536	155.41768193244934	0
155.50105690956116	155.60429692268372	3
155.73940086364746	155.82206296920776	0
156.14720797538757	156.2311749458313	1
156.33099389076233	156.43141293525696	0
156.54864501953125	156.64960598945618	2
156.7149839401245	156.81517791748047	0
156.93258786201477	157.01348280906677	3
157.11405897140503	157.21162486076355	0
157.31376791000366	157.39457392692566	2
157.54575991630554	157.61175990104675	1
157.73020887374878	157.81201195716858	0
157.93021988868713	157.9962089061737	2
158.09664797782898	158.1805238723755	0
158.29669189453125	158.38029599189758	3
158.64762496948242	158.7154188156128	0
158.83563685417175	158.9192500114441	1
159.05397582054138	159.1366138458252	2
159.25462079048157	159.33636379241943	0
159.45400500297546	159.5366349220276	1
159.6203808784485	159.73679494857788	3
159.88836097717285	159.97042179107666	0
160.28900790214539	160.3888258934021	1
160.50901985168457	160.57253789901733	0
160.7103729248047	160.79104900360107	3
160.91099882125854	160.99285197257996	2
161.09481287002563	161.21162390708923	1
161.31888484954834	161.41885495185852	0
161.5202329158783	161.6360158920288	2
161.90279483795166	161.99996185302734	0
162.11630988121033	162.18229484558105	1
162.33347296714783	162.44889402389526	3
162.7333278656006	162.85041093826294	0
163.1339328289032	163.23348689079285	1
163.43506598472595	163.50098395347595	2
163.61816501617432	163.71847295761108	1
163.82267999649048	163.92264580726624	0
164.00731086730957	164.12457489967346	3
164.39182782173157	164.47419381141663	0
164.8085868358612	164.89358186721802	3
164.8085949420929	164.85754990577698	0
164.8935739994049	164.9418649673462	0
165.20980286598206	165.29225397109985	3
165.22636795043945	165.2923560142517	0
165.64731979370117	165.71383500099182	3
165.64732885360718	165.74567198753357	0
166.03949189186096	166.15651297569275	0
166.03950095176697	166.15640997886658	3
166.44024300575256	166.52279591560364	2
166.62418293952942	166.7228639125824	1
166.8244788646698	166.94071102142334	0
167.0371458530426	167.11969590187073	3
167.2701268196106	167.37016797065735	0
167.65499901771545	167.73725700378418	2
168.0888488292694	168.15551090240479	1
168.52259397506714	168.63855695724487	0
168.89427399635315	168.96009993553162	3
169.0791997909546	169.16107988357544	1
169.31251883506775	169.41294479370117	2
169.713369846344	169.829913854599	0
170.09832286834717	170.19622087478638	3
170.3303530216217	170.4471378326416	0
170.71896290779114	170.80924081802368	3
170.9604070186615	171.0601589679718	0
171.3445689678192	171.42694091796875	2
171.7285168170929	171.84666681289673	1
172.1750349998474	172.25808596611023	0
172.35916996002197	172.4750349521637	3
172.60921788215637	172.69165182113647	0
173.00919485092163	173.0928008556366	2
173.39379596710205	173.4925889968872	1
173.62841796875	173.69373393058777	2
174.0154538154602	174.10047698020935	1
174.21551895141602	174.2986319065094	2
174.6499888896942	174.7498278617859	0
175.01843285560608	175.13500595092773	3
175.43469095230103	175.53510880470276	0
175.6396780014038	175.7227427959442	3
175.84045100212097	175.96374797821045	0
176.26455092430115	176.38211393356323	3
176.66590094566345	176.766117811203	1
176.90027594566345	176.9824538230896	2
177.2619059085846	177.34550881385803	1
177.51313090324402	177.59548592567444	0
177.93103885650635	178.0130488872528	0
178.13090085983276	178.2128508090973	3
178.36386799812317	178.46360087394714	0
178.58177495002747	178.66396689414978	3
178.78640985488892	178.8690128326416	0
178.98748087882996	179.06988191604614	3
179.20470595359802	179.31992101669312	1
179.62306094169617	179.70442581176758	0
179.80520391464233	179.88724279403687	3
180.0385777950287	180.13946890830994	0
180.22297286987305	180.30550289154053	3
180.4396789073944	180.53965783119202	1
180.80091190338135	180.90199780464172	2
181.23551297187805	181.35348200798035	0
181.6197018623352	181.73671793937683	3
182.03547286987305	182.13265800476074	0
182.23309588432312	182.3325538635254	3
182.46721196174622	182.5353720188141	0
182.8852939605713	182.96728992462158	2
183.28492283821106	183.36841702461243	1
183.48570680618286	183.6026108264923	0
183.87443780899048	183.95667099952698	3
184.10775995254517	184.1903359889984	0
184.54172587394714	184.65782594680786	0
184.94260597229004	185.02471685409546	0
185.3440158367157	185.45882487297058	0
185.5598578453064	185.64871096611023	2
185.773090839386	185.8726179599762	1
185.94048881530762	186.03946685791016	3
186.17352986335754	186.29000282287598	0
186.57417583465576	186.6579988002777	3
186.79047799110413	186.92513489723206	0
187.18834781646729	187.27125692367554	2
187.40522384643555	187.5035228729248	1
187.83845400810242	187.9544517993927	0
188.22194981575012	188.28907585144043	3
188.6239879131317	188.74294090270996	0
188.82771801948547	188.9274559020996	3
189.06197094917297	189.16260480880737	0
189.47980499267578	189.57931280136108	2
189.91340279579163	190.0291678905487	1
190.14816999435425	190.2636640071869	0
190.5479588508606	190.6510648727417	1
191.11022901535034	191.22681879997253	0
191.32767701148987	191.39392280578613	1
191.52804398536682	191.62822580337524	0
191.7278928756714	191.79497599601746	1
191.92867398262024	192.02580285072327	0
192.14117097854614	192.20858788490295	1
192.3421449661255	192.40861201286316	2
192.72561883926392	192.82632088661194	0
192.9436068534851	193.02630186080933	1
193.14390993118286	193.2259829044342	0
193.36076998710632	193.42683601379395	1
193.5773048400879	193.67671990394592	2
193.96720600128174	194.08267498016357	1
194.41652297973633	194.54901885986328	0
194.8017179965973	194.91628289222717	3
195.23483896255493	195.35170102119446	0
195.62372398376465	195.70632886886597	3
196.0483639240265	196.16398692131042	0
196.46583795547485	196.5815978050232	1
196.91642880439758	197.01433682441711	0
197.32977080345154	197.42828488349915	1
197.73003888130188	197.83047080039978	0
198.1136429309845	198.2308988571167	1
198.5317108631134	198.61458492279053	0
198.73197889328003	198.81523084640503	1
198.935870885849	199.03648281097412	0
199.13789200782776	199.22050786018372	1
199.35384488105774	199.43649792671204	0
199.5551519393921	199.65498280525208	1
199.7719008922577	199.85470581054688	0
199.97241687774658	200.05464792251587	1
200.34090185165405	200.44029688835144	1
200.56100797653198	200.6572790145874	0
201.01232194900513	201.13494396209717	0
201.36987495422363	201.46938180923462	1
201.82085990905762	201.90445685386658	0
202.02303290367126	202.0883059501648	1
202.22050499916077	202.31726479530334	0
202.41689491271973	202.50025296211243	1
202.65079498291016	202.75117182731628	0
203.08469796180725	203.18539190292358	2
203.48501992225647	203.5848000049591	0
203.65293288230896	203.75222897529602	3
203.8745789527893	203.97363185882568	0
204.0766088962555	204.17450189590454	3
204.307687997818	204.3763768672943	1
204.69431281089783	204.79252290725708	0
205.09308290481567	205.17643094062805	1
205.31018090248108	205.39358401298523	0
205.52724385261536	205.61363101005554	1
205.7141649723053	205.81426095962524	0
206.17376399040222	206.27456092834473	1
206.44088888168335	206.54092597961426	0
206.62497401237488	206.70698595046997	1
206.9248969554901	207.00603485107422	2
207.15408086776733	207.25401091575623	0
207.57126092910767	207.65476989746094	3
207.77175498008728	207.87169194221497	0
209.24614787101746	209.36191391944885	0
209.59828782081604	209.67966198921204	0
210.03139781951904	210.1471619606018	1
